eval_loss = 2.166943825447165
eval_macro_f1 = 0.6981871278963805
eval_macro_p = 0.6412464985994399
eval_macro_r = 0.7662254901960782
eval_micro_f1 = 0.7052561543579507
eval_micro_p = 0.660024906600249
eval_micro_r = 0.7571428571428571
