eval_loss = 1.4938451717443326
eval_macro_f1 = 0.649894414966997
eval_macro_p = 0.6346498599439775
eval_macro_r = 0.665889355742297
eval_micro_f1 = 0.6399427344309234
eval_micro_p = 0.6413199426111909
eval_micro_r = 0.6385714285714286
