eval_loss = 2.74551173007554
eval_macro_f1 = 0.6971356054991471
eval_macro_p = 0.6559733893557422
eval_macro_r = 0.7438095238095235
eval_micro_f1 = 0.7075208913649024
eval_micro_p = 0.6902173913043478
eval_micro_r = 0.7257142857142858
