eval_loss = 1.6470540961798499
eval_macro_f1 = 0.6106870345845126
eval_macro_p = 0.5406092436974791
eval_macro_r = 0.7016386554621848
eval_micro_f1 = 0.6040100250626567
eval_micro_p = 0.5379464285714286
eval_micro_r = 0.6885714285714286
