eval_loss = 1.3633397125145967
eval_macro_f1 = 0.6046815420465137
eval_macro_p = 0.5213795518207284
eval_macro_r = 0.7196638655462183
eval_micro_f1 = 0.590686274509804
eval_micro_p = 0.5171673819742489
eval_micro_r = 0.6885714285714286
