eval_loss = 4.476111360989949
eval_macro_f1 = 0.590813951622868
eval_macro_p = 0.5229271708683473
eval_macro_r = 0.678956582633053
eval_micro_f1 = 0.5895003162555346
eval_micro_p = 0.52894438138479
eval_micro_r = 0.6657142857142857
