eval_loss = 3.697257370675645
eval_macro_f1 = 0.5663817849099596
eval_macro_p = 0.566638981173865
eval_macro_r = 0.5661248220218319
eval_micro_f1 = 0.5465538089480049
eval_micro_p = 0.5543744889615699
eval_micro_r = 0.5389507154213037
