eval_loss = 1.6597679914826176
eval_macro_f1 = 0.714113560807666
eval_macro_p = 0.68343616516374
eval_macro_r = 0.7476744186046513
eval_micro_f1 = 0.7224157955865272
eval_micro_p = 0.7041509433962264
eval_micro_r = 0.7416534181240063
