eval_loss = 0.9415576742810495
eval_macro_f1 = 0.8092966982664874
eval_macro_p = 0.7969924812030075
eval_macro_r = 0.8219867851446798
eval_micro_f1 = 0.8107121119902617
eval_micro_p = 0.8171779141104294
eval_micro_r = 0.8043478260869565
