eval_loss = 0.9752132244515077
eval_macro_f1 = 0.7907422057691006
eval_macro_p = 0.7852472089314193
eval_macro_r = 0.7963146502620186
eval_micro_f1 = 0.7908979089790897
eval_micro_p = 0.8057644110275689
eval_micro_r = 0.7765700483091788
