eval_loss = 1.240996651010204
eval_macro_f1 = 0.7655185815246692
eval_macro_p = 0.7414531079607415
eval_macro_r = 0.7911986550345328
eval_micro_f1 = 0.7541293062765455
eval_micro_p = 0.74812734082397
eval_micro_r = 0.7602283539486203
