eval_loss = 1.2408415176811753
eval_macro_f1 = 0.7543292553433371
eval_macro_p = 0.7350967476327709
eval_macro_r = 0.7745951694798959
eval_micro_f1 = 0.7624495289367429
eval_micro_p = 0.7548301132578281
eval_micro_r = 0.770224337185588
