eval_loss = 1.2181100504657694
eval_macro_f1 = 0.7666320301982281
eval_macro_p = 0.7504362050163572
eval_macro_r = 0.7835423482370046
eval_micro_f1 = 0.7579556412729025
eval_micro_p = 0.7683284457478006
eval_micro_r = 0.7478591817316841
