eval_loss = 1.1429685576612714
eval_macro_f1 = 0.7875212933921654
eval_macro_p = 0.7692975281715743
eval_macro_r = 0.8066294074881861
eval_micro_f1 = 0.7772556390977443
eval_micro_p = 0.7678737233054782
eval_micro_r = 0.7868696479543292
