eval_loss = 2.062779308943689
eval_macro_f1 = 0.7531669362130066
eval_macro_p = 0.7176072337331879
eval_macro_r = 0.7924345692475464
eval_micro_f1 = 0.7394106813996316
eval_micro_p = 0.7163247100802854
eval_micro_r = 0.764034253092293
