eval_loss = 1.1039340326653777
eval_macro_f1 = 0.7350268632663328
eval_macro_p = 0.7083470564018115
eval_macro_r = 0.7637951145876218
eval_micro_f1 = 0.7348712805081913
eval_micro_p = 0.7230263157894737
eval_micro_r = 0.7471108089734875
