eval_loss = 0.8565898392489045
eval_micro_f1 = 0.7210510235258174
eval_micro_p = 0.6544647809206877
eval_micro_r = 0.8027210884353742
