eval_loss = 2.0719186180668427
eval_macro_f1 = 0.7916565952092817
eval_macro_p = 0.7823109647317146
eval_macro_r = 0.8012282146287912
eval_micro_f1 = 0.7922210849539407
eval_micro_p = 0.7952054794520548
eval_micro_r = 0.7892590074779062
