eval_loss = 1.4422540750987936
eval_macro_f1 = 0.6932438474228165
eval_macro_p = 0.6754528612597774
eval_macro_r = 0.7119973926169896
eval_micro_f1 = 0.6962411107348458
eval_micro_p = 0.6936572199730094
eval_micro_r = 0.698844323589395
