eval_loss = 1.8554004101345707
eval_macro_f1 = 0.7863955117810159
eval_macro_p = 0.7709997255386305
eval_macro_r = 0.8024186908192674
eval_micro_f1 = 0.7887799932409598
eval_micro_p = 0.7842741935483871
eval_micro_r = 0.7933378653976887
