eval_loss = 2.2047553666349318
eval_macro_f1 = 0.7847117480868975
eval_macro_p = 0.7969809249348156
eval_macro_r = 0.7728146013448611
eval_micro_f1 = 0.7823365785813631
eval_micro_p = 0.800711743772242
eval_micro_r = 0.7647858599592114
