eval_loss = 0.9921271120673126
eval_macro_f1 = 0.7344994495207238
eval_macro_p = 0.7250205846027175
eval_macro_r = 0.7442294497049543
eval_micro_f1 = 0.7300068352699932
eval_micro_p = 0.734020618556701
eval_micro_r = 0.7260367097212781
