eval_loss = 0.9722487952463565
eval_macro_f1 = 0.6709914932266703
eval_macro_p = 0.6592184712501716
eval_macro_r = 0.683192671881433
eval_micro_f1 = 0.6587516960651288
eval_micro_p = 0.6574136763710223
eval_micro_r = 0.6600951733514616
