eval_accuracy = 0.7728531855955678
eval_loss = 2.0432224951543008
eval_macro_f1 = 0.789193276617178
eval_macro_p = 0.7753767329716701
eval_macro_r = 0.8035111512959614
eval_micro_f1 = 0.7862993298585257
eval_micro_p = 0.7776141384388807
eval_micro_r = 0.7951807228915663
