eval_accuracy = 0.776810447170558
eval_loss = 3.1381521549877487
eval_macro_f1 = 0.7760648715809811
eval_macro_p = 0.7861399939722726
eval_macro_r = 0.7662447257383969
eval_micro_f1 = 0.7834101382488479
eval_micro_p = 0.799373040752351
eval_micro_r = 0.7680722891566265
