eval_accuracy = 0.7835377918480412
eval_loss = 2.9185306901182932
eval_macro_f1 = 0.7840125609328069
eval_macro_p = 0.8034772453285111
eval_macro_r = 0.7654686558167572
eval_micro_f1 = 0.7872423181641385
eval_micro_p = 0.8141592920353983
eval_micro_r = 0.7620481927710844
