eval_accuracy = 0.7696873763355758
eval_loss = 3.6215768956072347
eval_macro_f1 = 0.7706270005471646
eval_macro_p = 0.7846405967450268
eval_macro_r = 0.7571051838456903
eval_micro_f1 = 0.7744186046511627
eval_micro_p = 0.797923322683706
eval_micro_r = 0.7522590361445783
