eval_accuracy = 0.7803719825880491
eval_loss = 2.6180270709851876
eval_macro_f1 = 0.7814422799813773
eval_macro_p = 0.7856540084388186
eval_macro_r = 0.7772754671488848
eval_micro_f1 = 0.7869481765834934
eval_micro_p = 0.8026624902114331
eval_micro_r = 0.7718373493975904
