eval_accuracy = 0.7752275425405619
eval_loss = 2.4552826285008575
eval_macro_f1 = 0.7757239100104254
eval_macro_p = 0.7839813140446057
eval_macro_r = 0.7676386377335747
eval_micro_f1 = 0.7793317793317792
eval_micro_p = 0.804975922953451
eval_micro_r = 0.7552710843373494
