eval_accuracy = 0.7554412346656114
eval_loss = 3.97102854572991
eval_macro_f1 = 0.766348805110884
eval_macro_p = 0.7817887281494873
eval_macro_r = 0.7515069318866789
eval_micro_f1 = 0.7626728110599079
eval_micro_p = 0.7782131661442007
eval_micro_r = 0.7477409638554217
