eval_loss = 3.6205811980193863
eval_macro_f1 = 0.6716805764556836
eval_macro_p = 0.6928262659530673
eval_macro_r = 0.6517874296692743
eval_micro_f1 = 0.664070796460177
eval_micro_p = 0.6927621861152142
eval_micro_r = 0.637661454792658
