eval_loss = 0.9313855579563679
eval_macro_f1 = 0.8152170053226399
eval_macro_p = 0.8058887677208288
eval_macro_r = 0.8247637222828061
eval_micro_f1 = 0.802498798654493
eval_micro_p = 0.8106796116504854
eval_micro_r = 0.7944814462416746
