eval_loss = 1.2607139255564945
eval_macro_f1 = 0.6004915794153116
eval_macro_p = 0.7354761904761902
eval_macro_r = 0.5073717948717952
eval_micro_f1 = 0.5664527956003667
eval_micro_p = 0.6630901287553648
eval_micro_r = 0.4944
