eval_loss = 2.853951639853991
eval_macro_f1 = 0.6091428517992069
eval_macro_p = 0.6541666666666666
eval_macro_r = 0.5699175824175825
eval_micro_f1 = 0.5988125530110263
eval_micro_p = 0.6371841155234657
eval_micro_r = 0.5648
