eval_accuracy = 0.7538583300356153
eval_loss = 2.7214889694241027
eval_macro_f1 = 0.7645252599335018
eval_macro_p = 0.7515596745027124
eval_macro_r = 0.777946051838457
eval_micro_f1 = 0.7668665667166417
eval_micro_p = 0.7634328358208955
eval_micro_r = 0.7703313253012049
