eval_accuracy = 0.7724574594380689
eval_loss = 3.3839088875470282
eval_macro_f1 = 0.78009358207483
eval_macro_p = 0.7825007534659433
eval_macro_r = 0.7777011754068714
eval_micro_f1 = 0.7812856599467477
eval_micro_p = 0.7893927747886241
eval_micro_r = 0.7733433734939759
