eval_accuracy = 0.7423822714681441
eval_loss = 11.563087306445158
eval_macro_f1 = 0.7644392693039803
eval_macro_p = 0.7543588004822184
eval_macro_r = 0.7747927968655818
eval_micro_f1 = 0.7569988801791714
eval_micro_p = 0.7505551443375278
eval_micro_r = 0.7635542168674698
