eval_accuracy = 0.7546497823506134
eval_loss = 2.672085881846238
eval_macro_f1 = 0.7620415442658542
eval_macro_p = 0.7402350813743223
eval_macro_r = 0.7851717902350815
eval_micro_f1 = 0.7698589458054936
eval_micro_p = 0.7591508052708639
eval_micro_r = 0.7808734939759037
