eval_accuracy = 0.7831420656905421
eval_loss = 3.1265715866149226
eval_macro_f1 = 0.7964918762824821
eval_macro_p = 0.7859290235081375
eval_macro_r = 0.8073425256178419
eval_micro_f1 = 0.7959791511541325
eval_micro_p = 0.7871870397643593
eval_micro_r = 0.8049698795180723
