eval_accuracy = 0.7744360902255639
eval_loss = 2.683106992322999
eval_macro_f1 = 0.7868445617392266
eval_macro_p = 0.7844296262808923
eval_macro_r = 0.7892744122965643
eval_micro_f1 = 0.7853915662650601
eval_micro_p = 0.7853915662650602
eval_micro_r = 0.7853915662650602
