eval_accuracy = 0.6751088246933122
eval_loss = 0.9670545364482493
eval_macro_f1 = 0.7027353165874364
eval_macro_p = 0.6717977697408075
eval_macro_r = 0.7366598854731766
eval_micro_f1 = 0.700474279460051
eval_micro_p = 0.6794055201698513
eval_micro_r = 0.7228915662650602
