eval_accuracy = 0.7162643450732094
eval_loss = 4.055639897249168
eval_macro_f1 = 0.7446760810197115
eval_macro_p = 0.7527388487040386
eval_macro_r = 0.7367842073538275
eval_micro_f1 = 0.7281001137656428
eval_micro_p = 0.7333842627960275
eval_micro_r = 0.7228915662650602
