eval_accuracy = 0.7823506133755441
eval_loss = 3.342447579920858
eval_macro_f1 = 0.7982639473498854
eval_macro_p = 0.7916440626883667
eval_macro_r = 0.8049954792043401
eval_micro_f1 = 0.7935435435435436
eval_micro_p = 0.7911676646706587
eval_micro_r = 0.795933734939759
