eval_accuracy = 0.7827463395330432
eval_loss = 2.745558116243138
eval_macro_f1 = 0.7936006901241498
eval_macro_p = 0.7954452983725138
eval_macro_r = 0.7917646172393009
eval_micro_f1 = 0.7935314027830012
eval_micro_p = 0.7926371149511645
eval_micro_r = 0.7944277108433735
