eval_accuracy = 0.7578155916106054
eval_loss = 4.043531352536211
eval_macro_f1 = 0.7751050977819623
eval_macro_p = 0.7781268836648586
eval_macro_r = 0.7721066907775768
eval_micro_f1 = 0.7687074829931972
eval_micro_p = 0.7716236722306525
eval_micro_r = 0.7658132530120482
