eval_accuracy = 0.7665215670755837
eval_loss = 2.968171760109784
eval_macro_f1 = 0.7786835804166232
eval_macro_p = 0.7727396021699819
eval_macro_r = 0.7847197106690776
eval_micro_f1 = 0.7788605697151423
eval_micro_p = 0.7753731343283582
eval_micro_r = 0.7823795180722891
