eval_accuracy = 0.776810447170558
eval_loss = 3.50769830219259
eval_macro_f1 = 0.790031220361403
eval_macro_p = 0.7913841169379148
eval_macro_r = 0.788682941531043
eval_micro_f1 = 0.7862016679302501
eval_micro_p = 0.7916030534351145
eval_micro_r = 0.7808734939759037
