eval_accuracy = 0.778393351800554
eval_loss = 3.2838984111536154
eval_macro_f1 = 0.7907676882658767
eval_macro_p = 0.7929739300783607
eval_macro_r = 0.7885736889692583
eval_micro_f1 = 0.7880393641180925
eval_micro_p = 0.7922374429223744
eval_micro_r = 0.7838855421686747
