eval_accuracy = 0.777997625643055
eval_loss = 2.869401491164595
eval_macro_f1 = 0.7879792325155613
eval_macro_p = 0.7676499397227248
eval_macro_r = 0.8094145569620254
eval_micro_f1 = 0.7921452389773991
eval_micro_p = 0.7797228300510576
eval_micro_r = 0.8049698795180723
