eval_accuracy = 0.7538583300356153
eval_loss = 3.2040785189152143
eval_macro_f1 = 0.7686294190350208
eval_macro_p = 0.7665461121157325
eval_macro_r = 0.7707240807715494
eval_micro_f1 = 0.7642153146322973
eval_micro_p = 0.7694656488549618
eval_micro_r = 0.7590361445783133
