eval_accuracy = 0.7736446379105659
eval_loss = 2.64539329478918
eval_macro_f1 = 0.7851517325532321
eval_macro_p = 0.7709915611814346
eval_macro_r = 0.7998417721518989
eval_micro_f1 = 0.7872023809523809
eval_micro_p = 0.7779411764705882
eval_micro_r = 0.7966867469879518
