eval_accuracy = 0.77997625643055
eval_loss = 11.662146930453144
eval_macro_f1 = 0.7937974715405371
eval_macro_p = 0.796485081374322
eval_macro_r = 0.7911279385171791
eval_micro_f1 = 0.7909774436090224
eval_micro_p = 0.7897897897897898
eval_micro_r = 0.7921686746987951
