eval_accuracy = 0.7360506529481599
eval_loss = 3.206959775967311
eval_macro_f1 = 0.7483376917107587
eval_macro_p = 0.7672882760699217
eval_macro_r = 0.7303006329113925
eval_micro_f1 = 0.7419729206963248
eval_micro_p = 0.7629276054097056
eval_micro_r = 0.7221385542168675
