eval_loss = 2.71206700481011
eval_macro_f1 = 0.5938403172626306
eval_macro_p = 0.5423217133743449
eval_macro_r = 0.656174527227159
eval_micro_f1 = 0.5675827257431296
eval_micro_p = 0.5298429319371728
eval_micro_r = 0.6111111111111112
