eval_loss = 0.6386907765882437
eval_macro_f1 = 0.6973856081572903
eval_macro_p = 0.6505639097744359
eval_macro_r = 0.7514695830485305
eval_micro_f1 = 0.691948658109685
eval_micro_p = 0.6693002257336343
eval_micro_r = 0.716183574879227
