eval_loss = 1.3833114029973317
eval_macro_f1 = 0.7714315061297562
eval_macro_p = 0.7529676463886988
eval_macro_r = 0.7908236500341762
eval_micro_f1 = 0.7672880336740829
eval_micro_p = 0.7640718562874251
eval_micro_r = 0.7705314009661836
