eval_loss = 1.0070174077623768
eval_macro_f1 = 0.7929239621790888
eval_macro_p = 0.7759968102073364
eval_macro_r = 0.8106060606060607
eval_micro_f1 = 0.7995139732685297
eval_micro_p = 0.80440097799511
eval_micro_r = 0.7946859903381642
