eval_loss = 1.1777699063554334
eval_macro_f1 = 0.771399506038185
eval_macro_p = 0.7539473684210525
eval_macro_r = 0.7896787423103213
eval_micro_f1 = 0.7642857142857142
eval_micro_p = 0.7535211267605634
eval_micro_r = 0.7753623188405797
