eval_loss = 2.104943612902358
eval_macro_f1 = 0.813699196474316
eval_macro_p = 0.8180109364319889
eval_macro_r = 0.8094326725905674
eval_micro_f1 = 0.7970660146699265
eval_micro_p = 0.806930693069307
eval_micro_r = 0.7874396135265701
