eval_loss = 0.9518673625645455
eval_macro_f1 = 0.8011955314399651
eval_macro_p = 0.7847744360902256
eval_macro_r = 0.8183185235816816
eval_micro_f1 = 0.8094948265368229
eval_micro_p = 0.8159509202453987
eval_micro_r = 0.8031400966183575
