eval_loss = 1.1583274419299152
eval_macro_f1 = 0.768218819259006
eval_macro_p = 0.7516575529733424
eval_macro_r = 0.7855263157894736
eval_micro_f1 = 0.7666870789957135
eval_micro_p = 0.7776397515527951
eval_micro_r = 0.7560386473429952
