eval_loss = 0.6972059355112925
eval_macro_f1 = 0.8164260176306473
eval_macro_p = 0.8140236956026431
eval_macro_r = 0.8188425609478243
eval_micro_f1 = 0.8046256847230675
eval_micro_p = 0.811042944785276
eval_micro_r = 0.7983091787439613
