eval_loss = 2.0919575243236874
eval_macro_f1 = 0.7911532890745515
eval_macro_p = 0.7841836734693879
eval_macro_r = 0.798247903812688
eval_micro_f1 = 0.7878787878787877
eval_micro_p = 0.7904
eval_micro_r = 0.7853736089030207
