eval_loss = 1.61854431834555
eval_macro_f1 = 0.7746843806072179
eval_macro_p = 0.7779573212570337
eval_macro_r = 0.7714388637299301
eval_micro_f1 = 0.7725232999654815
eval_micro_p = 0.7847124824684432
eval_micro_r = 0.760707002039429
