eval_loss = 1.6682685541058824
eval_macro_f1 = 0.773415506224329
eval_macro_p = 0.7543982434472347
eval_macro_r = 0.7934163578976261
eval_micro_f1 = 0.7732441471571906
eval_micro_p = 0.761026991441738
eval_micro_r = 0.7858599592114208
