eval_loss = 0.7359956103938682
eval_macro_f1 = 0.8279606231361303
eval_macro_p = 0.8084287531806617
eval_macro_r = 0.8484596510359873
eval_micro_f1 = 0.8235849056603775
eval_micro_p = 0.8166510757717493
eval_micro_r = 0.8306374881065651
