eval_loss = 1.6734678872669015
eval_macro_f1 = 0.810601854246811
eval_macro_p = 0.7867411850236278
eval_macro_r = 0.835955107233733
eval_micro_f1 = 0.8123515439429928
eval_micro_p = 0.8111954459203036
eval_micro_r = 0.813510941960038
