eval_loss = 1.8841381700491369
eval_macro_f1 = 0.8012960125748679
eval_macro_p = 0.7983047016274863
eval_macro_r = 0.8043098251959012
eval_micro_f1 = 0.8010550113036924
eval_micro_p = 0.801659125188537
eval_micro_r = 0.8004518072289156
