eval_loss = 1.470685975817945
eval_macro_f1 = 0.7267459532177432
eval_macro_p = 0.6986315456415125
eval_macro_r = 0.7572180034804624
eval_micro_f1 = 0.735944164404808
eval_micro_p = 0.7183951551854656
eval_micro_r = 0.7543720190779014
