eval_loss = 0.7058784365653992
eval_macro_f1 = 0.8229297916609193
eval_macro_p = 0.7985361130097972
eval_macro_r = 0.8488607883344726
eval_micro_f1 = 0.8204518430439953
eval_micro_p = 0.8079625292740047
eval_micro_r = 0.8333333333333334
