eval_loss = 1.3387042174728407
eval_macro_f1 = 0.7316401378617976
eval_macro_p = 0.7081869957285241
eval_macro_r = 0.7566998892580292
eval_micro_f1 = 0.742099102614124
eval_micro_p = 0.728735632183908
eval_micro_r = 0.7559618441971383
