eval_loss = 1.1087271503336802
eval_macro_f1 = 0.7366613069475616
eval_macro_p = 0.7177384907451355
eval_macro_r = 0.7566089226388233
eval_micro_f1 = 0.7404520654715511
eval_micro_p = 0.7262996941896025
eval_micro_r = 0.7551669316375199
