eval_loss = 1.5356670937244083
eval_macro_f1 = 0.6885348851453622
eval_macro_p = 0.6915638348362603
eval_macro_r = 0.6855323524758742
eval_micro_f1 = 0.7020408163265306
eval_micro_p = 0.7214765100671141
eval_micro_r = 0.6836248012718601
