eval_loss = 1.945263428495968
eval_macro_f1 = 0.7546356137716063
eval_macro_p = 0.7493671887359595
eval_macro_r = 0.7599786426198387
eval_micro_f1 = 0.7572347266881029
eval_micro_p = 0.7658536585365854
eval_micro_r = 0.7488076311605724
