eval_loss = 0.7261256942568162
eval_macro_f1 = 0.815867441968168
eval_macro_p = 0.8071610323518722
eval_macro_r = 0.8247637222828061
eval_micro_f1 = 0.8028846153846153
eval_micro_p = 0.8114674441205053
eval_micro_r = 0.7944814462416746
