eval_loss = 3.55906489911665
eval_macro_f1 = 0.582602758081851
eval_macro_p = 0.6125531768903528
eval_macro_r = 0.5554446274186908
eval_micro_f1 = 0.5519457336665476
eval_micro_p = 0.5812030075187969
eval_micro_r = 0.5254928619986404
