eval_loss = 1.8656119132305091
eval_macro_f1 = 0.8110559533145267
eval_macro_p = 0.8071943186496503
eval_macro_r = 0.8149547138740224
eval_micro_f1 = 0.8040747028862479
eval_micro_p = 0.8032564450474898
eval_micro_r = 0.8048946295037389
