eval_accuracy = 0.5710328452710725
eval_loss = 2.693161289903182
eval_macro_f1 = 0.653301438817732
eval_macro_p = 0.5636942435201928
eval_macro_r = 0.7767819469559978
eval_micro_f1 = 0.6573957016434891
eval_micro_p = 0.5664488017429193
eval_micro_r = 0.7831325301204819
