eval_loss = 6.549473757093603
eval_macro_f1 = 0.37165934763518405
eval_macro_p = 0.27114718614718614
eval_macro_r = 0.5905844155844155
eval_micro_f1 = 0.31353919239904987
eval_micro_p = 0.24175824175824176
eval_micro_r = 0.44594594594594594
