eval_loss = 4.492534544251182
eval_macro_f1 = 0.3833861543597682
eval_macro_p = 0.2923809523809524
eval_macro_r = 0.5566450216450216
eval_micro_f1 = 0.3316831683168317
eval_micro_p = 0.26171875
eval_micro_r = 0.4527027027027027
