eval_loss = 2.1555354818701744
eval_macro_f1 = 0.4638703633182279
eval_macro_p = 0.36129870129870123
eval_macro_r = 0.6477705627705628
eval_micro_f1 = 0.40963855421686746
eval_micro_p = 0.31835205992509363
eval_micro_r = 0.5743243243243243
