eval_loss = 0.9935836632143368
eval_macro_f1 = 0.6120493838222065
eval_macro_p = 0.6569696969696971
eval_macro_r = 0.572878787878788
eval_micro_f1 = 0.5313653136531366
eval_micro_p = 0.5853658536585366
eval_micro_r = 0.4864864864864865
