eval_loss = 5.3708344933381955
eval_macro_f1 = 0.5522210990234194
eval_macro_p = 0.6033776301218161
eval_macro_r = 0.5090610662869799
eval_micro_f1 = 0.5202639019792649
eval_micro_p = 0.5644171779141104
eval_micro_r = 0.4825174825174825
