eval_loss = 8.655287852704191
eval_macro_f1 = 0.30460944755399433
eval_macro_p = 0.7425723777883246
eval_macro_r = 0.1916033855402627
eval_micro_f1 = 0.1854838709677419
eval_micro_p = 0.4011627906976744
eval_micro_r = 0.12062937062937062
