eval_loss = 4.528355817140337
eval_macro_f1 = 0.31506135340127744
eval_macro_p = 0.5173469387755103
eval_macro_r = 0.226498971681696
eval_micro_f1 = 0.18975552968568102
eval_micro_p = 0.28397212543554007
eval_micro_r = 0.14248251748251747
