eval_loss = 2.4117254665573173
eval_macro_f1 = 0.304148809783866
eval_macro_p = 0.44837446606549597
eval_macro_r = 0.23012577123872813
eval_micro_f1 = 0.21922428330522764
eval_micro_p = 0.30708661417322836
eval_micro_r = 0.17045454545454544
