eval_loss = 1.7151986986304386
eval_macro_f1 = 0.7672806542058365
eval_macro_p = 0.7534132007233272
eval_macro_r = 0.7816681735985535
eval_micro_f1 = 0.7655146785581568
eval_micro_p = 0.7556859867938371
eval_micro_r = 0.7756024096385542
