eval_loss = 3.1724189808746903
eval_macro_f1 = 0.5271723862987737
eval_macro_p = 0.5831158044613192
eval_macro_r = 0.48102357221958564
eval_micro_f1 = 0.4891304347826087
eval_micro_p = 0.5625
eval_micro_r = 0.4326923076923077
