eval_loss = 1.6480018970900001
eval_macro_f1 = 0.5100986979121593
eval_macro_p = 0.5933989875019775
eval_macro_r = 0.4473065970574275
eval_micro_f1 = 0.4692346173086543
eval_micro_p = 0.5485380116959064
eval_micro_r = 0.40996503496503495
