eval_loss = 3.2908254267932358
eval_macro_f1 = 0.5203234233506887
eval_macro_p = 0.5815939344037325
eval_macro_r = 0.4707321257033071
eval_micro_f1 = 0.4591304347826087
eval_micro_p = 0.5290581162324649
eval_micro_r = 0.4055299539170507
