eval_loss = 4.521190715578629
eval_macro_f1 = 0.5878139643998758
eval_macro_p = 0.5961472485247702
eval_macro_r = 0.5797104432551118
eval_micro_f1 = 0.540990099009901
eval_micro_p = 0.5584627964022895
eval_micro_r = 0.5245775729646698
