eval_loss = 1.6743386709574148
eval_macro_f1 = 0.5056327630637008
eval_macro_p = 0.573480170166049
eval_macro_r = 0.4521407986825854
eval_micro_f1 = 0.4533804684047724
eval_micro_p = 0.5338189386056191
eval_micro_r = 0.39400921658986177
