eval_loss = 1.9131976171726797
eval_macro_f1 = 0.6733117554334667
eval_macro_p = 0.6536846438863729
eval_macro_r = 0.6941539728283241
eval_micro_f1 = 0.667440960123887
eval_micro_p = 0.672911787665886
eval_micro_r = 0.6620583717357911
