eval_loss = 1.0783205816914094
eval_macro_f1 = 0.6591707514179651
eval_macro_p = 0.6577398106216552
eval_macro_r = 0.66060793193358
eval_micro_f1 = 0.6369278510473235
eval_micro_p = 0.6434169278996865
eval_micro_r = 0.630568356374808
